0.0,0.0 = [[1061, 996], [1167, 1149]]
1.0,0.0 = [[996, 945], [1149, 1085]]
2.0,0.0 = [[945, 960], [1085, 966]]
3.0,0.0 = [[960, 904], [966, 862]]
4.0,0.0 = [[904, 727], [862, 696]]
5.0,0.0 = [[727, 744], [696, 748]]
6.0,0.0 = [[744, 934], [748, 900]]
7.0,0.0 = [[934, 1099], [900, 1042]]
0.0,1.0 = [[1167, 1149], [1112, 998]]
1.0,1.0 = [[1149, 1085], [998, 882]]
2.0,1.0 = [[1085, 966], [882, 775]]
3.0,1.0 = [[966, 862], [775, 700]]
4.0,1.0 = [[862, 696], [700, 661]]
5.0,1.0 = [[696, 748], [661, 818]]
6.0,1.0 = [[748, 900], [818, 995]]
7.0,1.0 = [[900, 1042], [995, 1125]]
0.0,2.0 = [[1112, 998], [990, 850]]
1.0,2.0 = [[998, 882], [850, 715]]
2.0,2.0 = [[882, 775], [715, 638]]
3.0,2.0 = [[775, 700], [638, 654]]
4.0,2.0 = [[700, 661], [654, 826]]
5.0,2.0 = [[661, 818], [826, 945]]
6.0,2.0 = [[818, 995], [945, 922]]
7.0,2.0 = [[995, 1125], [922, 1078]]
0.0,3.0 = [[990, 850], [833, 706]]
1.0,3.0 = [[850, 715], [706, 611]]
2.0,3.0 = [[715, 638], [611, 681]]
3.0,3.0 = [[638, 654], [681, 841]]
4.0,3.0 = [[654, 826], [841, 949]]
5.0,3.0 = [[826, 945], [949, 1084]]
6.0,3.0 = [[945, 922], [1084, 1054]]
7.0,3.0 = [[922, 1078], [1054, 1093]]
0.0,4.0 = [[833, 706], [652, 618]]
1.0,4.0 = [[706, 611], [618, 548]]
2.0,4.0 = [[611, 681], [548, 631]]
3.0,4.0 = [[681, 841], [631, 694]]
4.0,4.0 = [[841, 949], [694, 877]]
5.0,4.0 = [[949, 1084], [877, 1018]]
6.0,4.0 = [[1084, 1054], [1018, 1142]]
7.0,4.0 = [[1054, 1093], [1142, 1172]]
0.0,5.0 = [[652, 618], [631, 579]]
1.0,5.0 = [[618, 548], [579, 506]]
2.0,5.0 = [[548, 631], [506, 483]]
3.0,5.0 = [[631, 694], [483, 556]]
4.0,5.0 = [[694, 877], [556, 686]]
5.0,5.0 = [[877, 1018], [686, 825]]
6.0,5.0 = [[1018, 1142], [825, 1004]]
7.0,5.0 = [[1142, 1172], [1004, 1053]]
0.0,6.0 = [[631, 579], [772, 766]]
1.0,6.0 = [[579, 506], [766, 627]]
2.0,6.0 = [[506, 483], [627, 529]]
3.0,6.0 = [[483, 556], [529, 473]]
4.0,6.0 = [[556, 686], [473, 556]]
5.0,6.0 = [[686, 825], [556, 669]]
6.0,6.0 = [[825, 1004], [669, 810]]
7.0,6.0 = [[1004, 1053], [810, 917]]
0.0,7.0 = [[772, 766], [900, 880]]
1.0,7.0 = [[766, 627], [880, 778]]
2.0,7.0 = [[627, 529], [778, 671]]
3.0,7.0 = [[529, 473], [671, 540]]
4.0,7.0 = [[473, 556], [540, 483]]
5.0,7.0 = [[556, 669], [483, 536]]
6.0,7.0 = [[669, 810], [536, 641]]
