---------------------------------------------------
| 1032.00 | 1186.00 | 1340.00 | 1435.00 | 1301.00 |
---------------------------------------------------
| 1143.00 | 1143.00 | 1193.00 | 1224.00 | 1313.00 |
---------------------------------------------------
|  942.00 |  938.00 |  966.00 |  982.00 | 1129.00 |
---------------------------------------------------
|  746.00 |  835.00 |  912.00 |  949.00 | 1028.00 |
---------------------------------------------------
|  723.00 |  948.00 | 1130.00 | 1244.00 | 1211.00 |
---------------------------------------------------
|  673.00 |  890.00 | 1100.00 | 1133.00 | 1024.00 |
---------------------------------------------------
